function p = getparam_Gsp()
p.a1=0.00751;
p.b1=0.00192;
p.k1=0.01061;
p.a2 = 0.00418; 
p.b2 = 0.05; 
p.k2 = 2.5;
p.a3 = 0.05; 
p.b3 = 0.00959; 
p.k3 = 6.84;
p.a4 = 0.03755; 
p.b4 = 0.1866; 
p.k4 = 2.5531;
p.a5 = 0.02091;
p.a6 = 0.00315;
p.b5 = 0.14;
p.K=0.05;
end